0.52987 1155 
0.51899 1185 
0.52284 1182 
0.51477 1185 
0.51315 1179 
0.52846 1107 
0.52650 1170 
0.50592 1182 
0.50423 1182 
0.51123 1158 
0.51468 1158 
0.53112 1173 
0.52294 1155 
0.51036 1158 
0.52121 1155 
0.52991 1170 
0.52504 1158 
0.52433 1089 
0.52852 1122 
0.52057 1191 
0.52394 1128 
0.52711 1125 
0.52262 1437 
0.50868 1095 
0.50965 1140 
0.51233 1257 
0.51460 1164 
0.52255 1131 
0.51487 1311 
0.50887 1128 
0.50171 1170 
0.52697 1131 
0.51554 1158 
0.51523 1149 
0.50933 1125 
0.51343 1266 
0.51795 1170 
0.52222 1170 
0.50311 1125 
0.51255 1155 
0.51632 1164 
0.52293 1134 
0.51475 1119 
0.51232 1218 
0.51354 1182 
0.52936 1209 
0.52357 1188 
0.51414 1167 
0.52573 1263 
0.50132 1137 
0.51533 522 
0.52917 480 
