1	100	383.86	659	126	59.4143
2	52	381.615	479	160	46.7889
3	36	387.167	1204	138	182.288
4	26	340.038	432	131	64.2935
5	22	346.773	688	188	88.0361
6	10	1025.1	4308	153	1257.2
7	10	185.5	269	104	37.2189
8	7	333.571	361	294	18.7377
9	7	275.286	383	186	86.2086
10	7	362.714	575	198	104.096
11	7	299.571	302	297	1.59079
12	6	538.333	1540	173	535.548
13	5	354.8	409	210	73.2977
14	5	312.6	368	197	70.0189
15	5	394.4	407	380	10.2489
16	4	443.75	576	137	180.285
17	4	1175	1905	628	480.556
18	4	213.75	219	205	5.26189
19	3	373	421	348	33.9509
20	3	1142.67	2890	244	1235.72
21	3	434.333	571	348	97.7491
22	2	237.5	386	89	148.5
23	2	220	220	220	0
24	2	378	379	377	1
25	2	175.5	176	175	0.5
26	2	188.5	191	186	2.5
27	2	368	377	359	9
28	2	687	688	686	1
29	2	293.5	295	292	1.5
30	2	325.5	326	325	0.5
31	2	191.5	192	191	0.5
32	2	212.5	214	211	1.5
33	2	204	204	204	0
34	1	5313	5313	5313	0
