1	95	388.295	659	126	50.2275
2	52	381.615	479	160	46.7889
3	35	393.314	1204	138	181.157
4	26	340.038	432	131	64.2935
5	22	346.773	688	188	88.0361
6	8	723.75	2452	253	665.294
7	9	194.556	269	177	26.8167
8	7	333.571	361	294	18.7377
9	7	275.286	383	186	86.2086
10	6	327.333	370	198	62.2834
11	7	299.571	302	297	1.59079
12	4	177.25	181	173	3.76663
13	5	354.8	409	210	73.2977
14	5	312.6	368	197	70.0189
15	5	394.4	407	380	10.2489
16	4	443.75	576	137	180.285
17	1	890	890	890	0
18	4	213.75	219	205	5.26189
19	3	373	421	348	33.9509
20	1	294	294	294	0
21	2	366	384	348	18
22	1	386	386	386	0
23	2	220	220	220	0
24	2	378	379	377	1
25	2	175.5	176	175	0.5
26	2	188.5	191	186	2.5
27	2	368	377	359	9
28	2	687	688	686	1
29	2	293.5	295	292	1.5
30	2	325.5	326	325	0.5
31	1	192	192	192	0
32	1	211	211	211	0
33	1	204	204	204	0
34	1	5313	5313	5313	0
