0.51828 1395 
0.50000 1056 
0.53333 960 
0.53262 1119 
0.53230 1161 
0.51410 1206 
0.55325 1155 
0.53282 1173 
0.52715 1197 
0.51044 1197 
0.51515 1419 
0.52806 1176 
0.53247 1155 
0.54701 1170 
0.54340 1152 
0.53207 1263 
0.55268 1158 
0.54231 1158 
0.54430 1185 
0.52541 1161 
0.54306 987 
0.52226 1011 
0.52594 1272 
0.52541 1161 
0.54577 1158 
0.52541 1161 
0.51216 1275 
0.54957 1170 
0.57168 1158 
0.52632 1197 
0.54522 1161 
0.54362 1089 
0.53523 1263 
0.53454 1158 
0.52972 1161 
0.53656 1176 
0.52099 1167 
0.52455 1161 
0.52813 1191 
0.52956 1167 
0.53761 1170 
0.53761 1170 
0.55152 990 
0.54677 1176 
0.52987 1155 
0.54005 1161 
0.53300 1197 
0.54296 1164 
0.54499 1167 
0.51295 1197 
0.51301 1191 
0.52479 1170 
0.54327 1167 
0.54522 1161 
0.53350 1179 
0.51469 1191 
0.54762 1176 
0.52707 1182 
0.53249 1185 
0.52369 1182 
0.48148 702 
0.52897 1191 
0.54047 1149 
0.55413 1173 
0.54507 1176 
0.51585 1167 
0.51861 1209 
0.52453 1977 
0.52609 1380 
0.53367 1173 
0.52037 1203 
0.53551 1197 
0.54872 1170 
0.54872 1170 
0.50975 1179 
0.51385 1191 
0.52022 1113 
0.54470 1197 
0.51862 1074 
0.53652 1191 
0.52163 1179 
0.51410 1206 
0.53634 1197 
0.52721 1176 
0.51530 1242 
0.52729 1191 
0.52126 1176 
0.52739 1278 
0.53049 1197 
0.53553 1182 
0.51662 1113 
0.52882 1197 
0.53162 1170 
0.50700 1215 
0.51852 378 
0.50685 657 
0.57943 768 
0.51316 456 
0.58315 1401 
0.54785 606 
