0.48148	0.57168
0.50132	0.53112
0.49275	0.61074
0.50314	0.54641
0.49352	0.62500
0.49599	0.54545
0.53861	0.59851
0.48936	0.52493
0.50000	0.52222
0.49727	0.54167
0.50889	0.52539
0.49171	0.52874
0.49045	0.53651
0.48900	0.52174
0.52018	0.54486
0.49095	0.53157
0.58801	0.58801
0.50407	0.54321
0.51628	0.53048
0.59524	0.59524
0.52395	0.53819
0.57686	0.57686
0.51818	0.51818
0.61362	0.62533
0.50286	0.51326
0.55197	0.55672
0.50789	0.50928
0.51696	0.52284
0.51412	0.52968
0.56923	0.57464
0.51389	0.51389
0.51817	0.51817
0.53922	0.53922
0.61748	0.61748
