388.295	659	126	50.2275
381.615	479	160	46.7889
393.314	1204	138	181.157
340.038	432	131	64.2935
346.773	688	188	88.0361
723.75	2452	253	665.294
194.556	269	177	26.8167
333.571	361	294	18.7377
275.286	383	186	86.2086
327.333	370	198	62.2834
299.571	302	297	1.59079
177.25	181	173	3.76663
354.8	409	210	73.2977
312.6	368	197	70.0189
394.4	407	380	10.2489
443.75	576	137	180.285
890	890	890	0
213.75	219	205	5.26189
373	421	348	33.9509
294	294	294	0
366	384	348	18
386	386	386	0
220	220	220	0
378	379	377	1
175.5	176	175	0.5
188.5	191	186	2.5
368	377	359	9
687	688	686	1
293.5	295	292	1.5
325.5	326	325	0.5
192	192	192	0
211	211	211	0
204	204	204	0
5313	5313	5313	0
