383.86	659	126	59.4143
381.615	479	160	46.7889
387.167	1204	138	182.288
340.038	432	131	64.2935
346.773	688	188	88.0361
1025.1	4308	153	1257.2
185.5	269	104	37.2189
333.571	361	294	18.7377
275.286	383	186	86.2086
362.714	575	198	104.096
299.571	302	297	1.59079
538.333	1540	173	535.548
354.8	409	210	73.2977
312.6	368	197	70.0189
394.4	407	380	10.2489
443.75	576	137	180.285
1175	1905	628	480.556
213.75	219	205	5.26189
373	421	348	33.9509
1142.67	2890	244	1235.72
434.333	571	348	97.7491
237.5	386	89	148.5
220	220	220	0
378	379	377	1
175.5	176	175	0.5
188.5	191	186	2.5
368	377	359	9
687	688	686	1
293.5	295	292	1.5
325.5	326	325	0.5
191.5	192	191	0.5
212.5	214	211	1.5
204	204	204	0
5313	5313	5313	0
