0.530426	0.48148	0.57168	0.0520017
0.517722	0.50132	0.53112	0.0733827
0.540969	0.49275	0.61074	0.089086
0.525808	0.50314	0.54641	0.103845
0.529209	0.49352	0.62500	0.1066
0.520899	0.49599	0.54545	0.188455
0.561775	0.53861	0.59851	0.186737
0.510779	0.48936	0.52493	0.191552
0.514443	0.50000	0.52222	0.191156
0.51867	0.49727	0.54167	0.214053
0.514865	0.50889	0.52539	0.196122
0.506348	0.49171	0.52874	0.24862
0.505827	0.49045	0.53651	0.239935
0.508851	0.48900	0.52174	0.218687
0.531949	0.52018	0.54486	0.236916
0.502911	0.49095	0.53157	0.24939
0.58801	0.58801	0.58801	0.58801
0.529826	0.50407	0.54321	0.252035
0.521891	0.51628	0.53048	0.306273
0.59524	0.59524	0.59524	0.59524
0.53142	0.52395	0.53819	0.380558
0.57686	0.57686	0.57686	0.57686
0.51818	0.51818	0.51818	0.366409
0.61949	0.61362	0.62533	0.442175
0.508075	0.50286	0.51326	0.36293
0.554376	0.55197	0.55672	0.39366
0.508602	0.50789	0.50928	0.359132
0.519896	0.51696	0.52284	0.369704
0.52186	0.51412	0.52968	0.363538
0.571939	0.56923	0.57464	0.402506
0.51389	0.51389	0.51389	0.51389
0.51817	0.51817	0.51817	0.51817
0.53922	0.53922	0.53922	0.53922
0.61748	0.61748	0.61748	0.61748
