-0.001044	0	-0.01147	-0.0027833
0	0	0	0
-0.000475	0	0	-0.0074907
0	0	0	0
0	0	0	0
-0.040671	0	-0.07208	0.02242
0.002385	0.01938	0	0.009583
0	0	0	0
0	0	0	0
0.001407	0	0	0.015879
0	0	0	0
-0.084467	0	-0.11754	-0.015223
0	0	0	0
0	0	0	0
0	0	0	0
0	0	0	0
0.017658	0.04383	-0.01418	0.30802
0	0	0	0
0	0	0	0
-0.055289	0	-0.06428	0.214466
0.008269	0.0114	0	0.084637
1.5e-05	8e-05	0	0.169015
0	0	0	0
0	0	0	0
0	0	0	0
0	0	0	0
0	0	0	0
0	0	0	0
0	0	0	0
0	0	0	0
-0.020486	0	-0.04108	0.121467
-0.008107	0	-0.0161	0.151768
0.004905	0.00981	0	0.164871
0	0	0	0
